Year	Station	Annual_DIN_flux	precip	precip_JJAS	precip_JAS	precip_JASO	precip_ASO	pre_gt_10	pre_gt_20	pre_gt_10_JJAS	pre_gt_20_JJAS	pre_gt_10_JAS	pre_gt_20_JAS	pre_gt_10_JASO	pre_gt_20_JASO	pre_gt_10_ASO	pre_gt_20_ASO	R90pTOT	R95pTOT	R99pTOT	R90pTOT_JJAS_1	R95pTOT_JJAS_1	R99pTOT_JJAS_1	R90pTOT_JAS_1	R95pTOT_JAS_1	R99pTOT_JAS_1	R90pTOT_JASO_1	R95pTOT_JASO_1	R99pTOT_JASO_1	R90pTOT_ASO_1	R95pTOT_ASO_1	R99pTOT_ASO_1	R90pTOT_JJAS_2	R95pTOT_JJAS_2	R99pTOT_JJAS_2	R90pTOT_JAS_2	R95pTOT_JAS_2	R99pTOT_JAS_2	R90pTOT_JASO_2	R95pTOT_JASO_2	R99pTOT_JASO_2	R90pTOT_ASO_2	R95pTOT_ASO_2	R99pTOT_ASO_2	temp_annual	temp_JJAS	temp_JAS	temp_JASO	temp_ASO	fert_kgN_km2	ln_fert	fert_dep_kgN_km2	ln_fert_dep	LSC_MCM	LSC_MCM_mm	LSC
1980	Jenapur	NA	1414.95059235943	1192.9671789	875.6955965	939.874227577	562.489015577	57	13	49	13	40	7	43	7	26	2	357.02512	163.61731	0	357.02512	163.61731	0	177.17821	57.96027	0	177.17821	57.96027	0	48.03109	27.78229	0	293.39573	105.65704	0	135.19923	0	0	135.19923	30.17798	0	27.78229	0	0	26.4398493507717	28.1088357204301	27.680820516129	27.3729402308468	27.249689125	398.942948537968	5.98881842054599	741.052948537968	6.60807207826009	671.36	0.474475931262382	0.0139736690108197
1981	Jenapur	NA	1245.7113145612	988.7406971983	805.83819485	831.87633827	556.22494477	37	6	36	6	33	4	33	4	22	2	203.59079	159.47515	56.04607	203.59079	159.47515	56.04607	113.36878	69.25314	0	113.36878	69.25314	0	69.25314	69.25314	0	182.77933	159.47515	56.04607	69.25314	69.25314	0	92.55732	69.25314	0	69.25314	69.25314	0	25.703014262296	28.4259072741935	27.7589320322581	27.3963851179435	27.2886378991935	441.953425907601	6.09120450527599	799.232975907601	6.68365248762877	671.36	0.538937065235283	0.015872097341637
1982	Jenapur	NA	1218.91443530609	968.89589141299	758.66722941299	781.37611335499	595.74868390495	39	12	34	12	29	11	29	11	23	10	392.41179	168.49043	65.71977	392.41179	168.49043	65.71977	326.69202	102.77066	0	326.69202	102.77066	0	302.81695	102.77066	0	245.3907	139.46765	65.71977	179.67093	73.74788	0	224.29718	73.74788	0	222.00915	73.74788	0	26.3014285998643	28.9431316962366	28.4058043727599	27.9861897639449	27.3723609755824	484.963903277233	6.1840744619352	857.413003277233	6.7539197199892	671.6	0.550982071051895	0.0162268317199792
1983	Jenapur	NA	1622.5813450251	1247.04034477	1111.5839441	1241.8397599	952.5895678	52	17	44	15	39	14	42	16	34	13	578.05388	389.04465	53.78306	533.70489	389.04465	53.78306	512.07417	389.04465	53.78306	556.42316	389.04465	53.78306	457.82767	312.97973	53.78306	411.57522	332.47806	53.78306	389.04465	332.47806	53.78306	434.68964	332.47806	53.78306	357.32872	284.07841	53.78306	25.8502530855307	28.9446238790323	27.935506172043	27.4077370509073	27.0378817668011	527.974380646866	6.26904776102691	915.593030646866	6.8195719762614	677.02	0.417248726589746	0.0122882852772713
1984	Jenapur	NA	1615.14554526007	1459.10413737	1092.50847137	1165.798599969	803.333613969	52	21	51	20	38	16	39	17	25	14	723.81803	605.67222	173.45117	686.51079	568.36498	173.45117	530.40257	412.25676	113.34662	567.70981	449.564	113.34662	492.7486	419.29646	113.34662	643.40788	393.81448	173.45117	464.31471	296.04107	113.34662	524.6069	363.61585	113.34662	492.7486	363.0467	113.34662	25.6011366332345	27.5825982688172	27.1238961362007	26.8743408521505	26.7130993082437	570.984858016498	6.34736269094449	973.773058016498	6.88117827651076	4109.37	2.54427225587172	0.0749307099358481
1985	Jenapur	NA	1580.5755656225	1226.76035145	1081.4089242	1279.681160696	939.583531296	49	17	43	14	41	13	45	15	30	11	618.49151	421.01864	87.6893	469.8673	293.27181	0	437.03057	260.43508	0	564.7774	388.18191	87.6893	467.56993	360.01274	87.6893	346.16927	205.2303	0	313.33254	172.39357	0	441.07937	330.14788	87.6893	407.22287	360.01274	87.6893	25.7838545605926	28.0056070322581	27.0143997096774	26.5394733760081	26.3888793400538	613.995335386131	6.41998733102729	1031.95308538613	6.93920848511102	4193.71	2.65328029308636	0.078141077693605
1986	Jenapur	NA	1556.8621387128	1135.71467461	845.24986592	986.92643696	558.14378696	50	19	38	17	29	11	35	12	17	5	566.84286	358.76585	58.74209	521.71766	358.76585	58.74209	338.34505	223.89766	58.74209	361.91266	223.89766	58.74209	157.9864	88.48865	58.74209	479.88803	214.56696	58.74209	296.51542	135.81451	58.74209	320.08303	165.79092	58.74209	136.81023	88.48865	58.74209	25.5049042084379	27.9584994623656	27.2375935053763	26.7349458321573	26.6450297116935	619.982570849902	6.42969136611158	1053.1098708499	6.95950284747899	4227.24	2.71523078048198	0.0799655656157261
1987	Jenapur	NA	1270.46437917413	1062.019657296	947.559143866	981.7659966948	549.1547539948	37	15	32	15	32	15	32	15	17	8	449.68083	234.71396	50.14587	449.68083	234.71396	50.14587	449.68083	234.71396	50.14587	449.68083	234.71396	50.14587	223.30604	106.11743	0	383.26558	206.99645	0	383.26558	206.99645	0	427.93131	206.99645	0	223.30604	78.39992	0	25.7945256754821	28.7635988387097	27.7038262293907	27.375310765793	27.2005546769713	620.069342378363	6.42983131433097	1068.36619237836	6.9738858375101	4245.86	3.34197484762228	0.0984236444594988
1988	Jenapur	NA	1436.6232761256	1176.06126164	854.74818564	915.3687937963	614.6577757963	47	10	44	10	32	4	33	4	18	3	345.32364	253.31851	81.29087	345.32364	253.31851	81.29087	160.37547	113.86087	81.29087	160.37547	113.86087	81.29087	139.7584	113.86087	81.29087	302.68977	253.31851	81.29087	139.7584	113.86087	81.29087	139.7584	113.86087	81.29087	139.7584	113.86087	81.29087	25.9753072207874	28.4364474650538	28.0079990645161	27.5085303140121	27.396657515457	786.475441083387	6.66756149643342	1249.94184108339	7.13085230208064	4962.76	3.45446164103923	0.101736464174326
1989	Jenapur	NA	1347.18874977131	1214.9443393	847.8525365	889.12941950571	594.30920450571	40	14	38	13	28	7	28	7	18	5	535.78058	420.54599	163.58654	509.98145	420.54599	163.58654	247.64557	202.22898	56.32435	247.64557	202.22898	56.32435	168.95891	123.54232	56.32435	468.91322	392.42284	113.59331	226.28705	202.22898	56.32435	226.28705	202.22898	56.32435	168.95891	123.54232	56.32435	25.8952122577724	28.1688042580645	27.7002304551971	27.3542333882728	27.1541483886649	801.118136511088	6.68600842247433	1279.75408651109	7.15442321854306	4962.76	3.68378967003877	0.108490345163857
1990	Jenapur	265.026450284306	1668.48971735186	1161.4981815	916.1778682	1104.87733486546	761.82673086546	60	10	44	8	38	5	47	7	31	6	350.93717	157.82537	51.73511	262.8982	157.82537	51.73511	166.51962	106.09026	0	234.91141	106.09026	0	189.67123	60.85008	0	180.31546	130.17146	0	106.09026	78.43635	0	133.40163	78.43635	0	109.75281	33.19617	0	25.5710597152847	27.9547849892473	27.4447932078853	26.956691077789	26.955973265009	867.41158425487	6.7655135864595	1361.21708425487	7.2161344934258	5040.19	3.02080974643316	0.0889650934010648
1991	Jenapur	429.043552196591	1507.3102646584	1271.6848293	1092.6377914	1154.3814144695	783.5726310695	42	15	39	15	33	15	34	15	24	9	569.72708	437.68883	246.39802	569.72708	437.68883	246.39802	569.72708	437.68883	246.39802	569.72708	437.68883	246.39802	351.17298	325.07479	133.78398	569.72708	322.04835	246.39802	569.72708	322.04835	246.39802	569.72708	352.43027	246.39802	351.17298	239.81623	133.78398	25.7568373565566	27.977093233871	27.3509038673835	26.9016298536626	26.5929633532706	872.73718681413	6.77163446448423	1374.17395681413	7.22560807089224	5040.19	3.34383047616428	0.098478294099964
1992	Jenapur	273.082660862513	1166.0489053885	983.6300397205	837.003624335	880.83444013234	560.25583693234	43	10	39	10	34	10	35	10	23	4	300.38307	99.45906	0	300.38307	99.45906	0	300.38307	99.45906	0	300.38307	99.45906	0	152.90659	40.06793	0	180.06668	70.72447	0	180.06668	70.72447	0	180.06668	70.72447	0	93.46719	40.06793	0	25.6333918792119	28.1711780295699	27.4294117060932	27.1008526076949	26.7811070253136	914.007895038131	6.81783920931414	1423.07593503813	7.26057595930711	5041.31	4.32341214566841	0.127327702714428
1993	Jenapur	375.708294488257	1443.31730056508	1193.32800558	933.88219508	1024.85022217	713.17593767	55	16	53	16	43	11	43	11	31	6	455.53354	202.95884	0	455.53354	202.95884	0	334.08711	145.80286	0	334.08711	145.80286	0	182.14508	68.78723	0	327.83495	145.80286	0	247.35067	145.80286	0	270.67897	145.80286	0	162.39631	68.78723	0	25.6430933400626	27.9596476209677	27.448161827957	27.1941826209677	26.8415369354839	953.217779461196	6.85984339744383	1469.9170894612	7.29296127645507	5352.33	3.70835297124512	0.109213752650423
1994	Jenapur	1045.43701425266	1805.6171367419	1597.29402852	1239.77524842	1318.4058521727	785.7819510727	67	26	64	26	49	21	51	21	32	11	841.45321	544.27351	100.50936	841.45321	544.27351	100.50936	674.51613	402.88553	100.50936	674.51613	402.88553	100.50936	336.85029	154.83076	0	716.47868	485.91293	0	503.86037	344.52495	0	549.5416	344.52495	0	275.79759	125.88183	0	25.524001003302	27.4565298252688	26.8386218781362	26.5876547679771	26.4717728089158	1031.18199778291	6.93846099393081	1555.51257778291	7.34956040231137	5352.64	2.96443797030994	0.0873049026744202
1995	Jenapur	664.699986362802	1485.2025656331	1011.39744814	894.6608928	990.0254457692	683.9572330692	46	17	35	12	31	12	32	12	21	8	552.78491	363.06624	0	364.40803	195.5181	0	344.44732	195.5181	0	344.44732	195.5181	0	233.53275	149.38697	0	243.13984	167.08339	0	243.13984	167.08339	0	243.13984	167.08339	0	172.95729	120.95226	0	25.4872082445401	28.3959365833333	27.5372441111111	27.0984576927083	26.8805250956541	1065.42421220161	6.97112832015072	1597.38606220161	7.37612386114261	5352.64	3.6039797693982	0.106139884240854
1996	Jenapur	876.539200642609	1272.190359293	1093.44463235	784.4863536	826.42245004	504.36423404	32	14	31	13	26	10	26	10	18	4	531.49382	410.51677	138.8584	490.9759	369.99885	138.8584	306.07555	185.0985	0	306.07555	185.0985	0	114.39327	70.12125	0	469.68951	312.07926	138.8584	261.80353	127.17891	0	284.78916	127.17891	0	114.39327	40.86457	0	25.9608930884992	28.2447996774194	27.7456947921147	27.296541015961	27.0874382363351	1117.37866486731	7.01874074329283	1656.97178486731	7.41274698944049	5352.64	4.20742065910219	0.123911667180156
1997	Jenapur	958.47001959479	1548.92016663078	1267.7914549	1015.019297	1083.90857993	803.30303413	45	15	42	15	37	11	37	11	26	9	568.6987	379.47125	204.08264	568.6987	379.47125	204.08264	407.59278	268.27245	134.58225	407.59278	268.27245	134.58225	335.40289	238.31674	134.58225	504.84624	349.51554	204.08264	343.74032	238.31674	134.58225	366.01518	238.31674	134.58225	335.40289	238.31674	134.58225	25.6678600072816	28.3480761397849	27.5025668530466	27.0761568585349	26.8125800049283	1182.45731121264	7.07535001926003	1729.68170121264	7.45569268282565	5352.64	3.45572361656514	0.101773630292008
1998	Jenapur	826.997440001233	1413.7064387726	916.49318846	774.0143616	922.676175334	659.138434334	44	10	32	9	27	7	31	7	21	5	303.53522	81.5001	0	282.30213	81.5001	0	233.52743	81.5001	0	233.52743	81.5001	0	167.60896	81.5001	0	180.21876	81.5001	0	131.44406	81.5001	0	131.44406	81.5001	0	127.35375	81.5001	0	26.0349913821025	29.0522262876344	28.0587011612903	27.8097136053427	27.6313079254032	1231.4832247928	7.11597459569989	1786.3388847928	7.48792348856186	5353.05	3.78653577092539	0.111516294240182
1999	Jenapur	1146.31348324573	1704.483247931	1250.23414867	1008.312355	1236.861424315	930.550060315	62	23	48	17	38	14	44	17	34	13	734.1312	480.54619	106.01075	515.27931	288.28581	49.7041	431.67907	248.20112	49.7041	559.54854	376.07059	106.01075	435.17385	273.63714	106.01075	411.78549	230.47377	0	325.71208	190.38908	0	476.77243	318.25855	56.30665	374.33898	273.63714	106.01075	25.9696358086702	27.8793911693548	27.3574490035842	27.0623584714382	26.8501280694444	1257.3953724793	7.13679769571258	1819.8823024793	7.50652710901229	5353.05	3.14057061370233	0.0924921400000686
2000	Jenapur	NA	1216.5486551699	1046.5099525	849.7636618	885.735415848	517.059085048	39	12	37	12	30	11	30	11	17	5	410.89246	232.18091	51.99113	410.89246	232.18091	51.99113	370.8206	232.18091	51.99113	370.8206	232.18091	51.99113	135.90558	65.3885	0	330.01709	232.18091	0	306.84438	232.18091	0	330.01709	232.18091	51.99113	114.98598	65.3885	0	25.8740186222095	27.9976039274194	27.5614213476703	27.3669109326277	27.3029808133961	1184.45305636723	7.07703639121132	1754.57125636723	7.46997980768801	5353.05	4.40019392340079	0.129588983165978
2001	Jenapur	1469.54208421246	1618.8727481643	1356.4009578	1105.6558788	1218.627435401	562.728002401	49	20	45	19	33	18	36	19	17	5	659.69951	391.33184	112.42321	636.29352	391.33184	112.42321	613.97214	391.33184	112.42321	637.37813	391.33184	112.42321	149.80253	28.55881	0	573.12183	334.65473	112.42321	573.12183	334.65473	112.42321	596.52782	334.65473	112.42321	129.91889	0	0	25.7011898388038	27.6693456532258	27.5424407598566	27.3282811167675	27.5426985857975	1226.7541764917	7.1121270794816	1809.1751464917	7.50062630021754	5353.05	3.30665273479341	0.0973833819700606
2002	Jenapur	432.359097213518	1107.3904027168	960.5872463	751.7930919	796.91078784	654.42847694	43	7	42	7	33	6	34	6	28	6	177.12903	59.75521	0	177.12903	59.75521	0	146.31816	28.94434	0	146.31816	28.94434	0	146.31816	28.94434	0	135.98783	30.81087	0	105.17696	0	0	105.17696	0	0	105.17696	0	0	25.9986062224851	28.3383638655914	27.8728501541219	27.4654797249664	26.8566674827509	1136.06708280948	7.03532764930651	1730.79082280948	7.45633370605419	5353.05	4.83393208652267	0.142362894611182
2003	Jenapur	1036.41160462819	1535.8162148033	1077.94587611	883.0008126	1203.84188232	922.40419832	43	18	34	12	29	11	38	17	29	15	570.33293	371.73482	102.68825	365.43305	214.73743	102.68825	314.59283	163.89721	51.84803	519.49271	320.8946	51.84803	447.37487	269.04657	0	240.8343	214.73743	0	189.99408	163.89721	0	394.89396	320.8946	0	364.83649	269.04657	0	25.7815630076968	28.3969991908602	27.3675386989247	26.9742428523185	26.6737128353495	1201.46027594548	7.09129299257876	1808.48678594548	7.50024574472763	5353.05	3.48547563725624	0.102649849425894
2004	Jenapur	534.95179375202	1184.21187459519	978.5823475836	848.3854921836	967.3591153536	701.0087943536	39	13	35	10	32	8	35	11	24	11	364.11328	199.42724	0	281.57741	160.99373	0	225.15877	131.3339	0	307.69464	169.76741	0	307.69464	169.76741	0	238.06189	43.21994	0	181.64325	43.21994	0	265.76506	112.02818	0	287.14908	112.02818	0	25.7353197926361	28.165190233871	27.5507930896057	27.0328590359543	26.7450717253584	1299.84541665596	7.1700006261146	1919.17469665596	7.55965052712008	5353.05	4.52034818670424	0.133127615570733
2005	Jenapur	764.158568622846	1318.203858947	1026.7154733	864.06689579	1028.45123721	640.62318861	37	14	31	13	28	11	32	12	19	8	512.62236	309.8475	223.66838	472.45073	309.8475	223.66838	368.689	206.08577	147.8701	408.86063	206.08577	147.8701	247.20488	95.27574	64.74284	408.07445	223.66838	223.66838	304.31272	178.403	147.8701	326.6833	178.403	147.8701	186.25445	95.27574	64.74284	26.1741820044521	29.001611766129	27.6237235770609	27.2644887765457	27.1230005192652	1423.11403138538	7.26060272937355	2054.74608138538	7.62790755792635	5353.05	4.06086658271209	0.119595540648273
2006	Jenapur	684.165805276764	1410.2536703847	1186.81738691	1049.95674731	1101.77358239	759.81213159	49	19	45	19	39	19	41	19	26	14	598.03709	317.12505	107.34492	578.26093	317.12505	107.34492	578.26093	317.12505	107.34492	578.26093	317.12505	107.34492	432.03814	263.44638	53.66625	491.41228	287.85881	107.34492	445.6421	287.85881	107.34492	513.65535	287.85881	107.34492	432.03814	234.18014	53.66625	25.9444974148343	27.7414751693548	27.0456532258065	26.8921550756048	26.6978869825269	1511.16156662792	7.32063388351075	2155.09638662792	7.67559072851114	5353.05	3.79580646547068	0.11178932308852
2007	Jenapur	1000.24676419929	1606.1996600763	1371.964088849	1196.7022478	1239.935128276	839.304215476	44	16	41	15	34	15	34	15	21	11	667.53559	526.68296	393.66867	644.34058	526.68296	393.66867	644.34058	526.68296	393.66867	644.34058	526.68296	393.66867	447.60757	352.09163	248.38832	601.45029	467.57669	343.97914	601.45029	467.57669	343.97914	623.59197	467.57669	343.97914	426.85896	352.09163	198.69879	25.9235316616103	28.5022397473118	27.7509224408602	27.3312156209677	27.1126164193548	1568.3370736839	7.35777114826918	2224.5746636839	7.70732101393722	5353.05	3.33274258054924	0.0981517473287952
2008	Jenapur	785.408316086478	1488.61597044257	1343.1736811	946.4233231	983.358289529	629.997223529	47	15	46	15	35	9	35	9	19	7	529.05033	419.57122	180.96227	529.05033	419.57122	180.96227	288.66944	220.65091	52.64481	288.66944	220.65091	52.64481	224.27075	156.25222	52.64481	444.61564	361.71076	77.59312	245.69533	162.79045	52.64481	245.69533	162.79045	52.64481	203.09939	127.59648	52.64481	25.9835998490916	28.0609741639785	27.8109943297491	27.5327211505376	27.441540781362	1675.8611978625	7.424082460108	2344.4015578625	7.75978544910577	5380.93	3.61472005328563	0.10645619358815
2009	Jenapur	364.682441801663	1304.1463923486	1045.55709849	967.05070831	1102.2184273796	636.1473964796	52	16	43	14	41	14	46	15	25	7	541.17002	317.20563	107.67169	468.95065	266.04558	56.51164	468.95065	266.04558	56.51164	520.1107	317.20563	107.67169	254.46251	167.23411	51.16005	343.52028	207.73444	56.51164	343.52028	207.73444	56.51164	416.89466	289.38178	56.51164	213.51345	167.23411	51.16005	26.7244239585893	29.2236236370968	28.1417908494624	27.5299349919355	27.453084827957	1681.73481379336	7.42758116686248	2362.57794379336	7.76750865090552	5391.33	4.13399142276574	0.121749121565771
2010	Jenapur	168.429666817563	996.15376062868	755.0533458804	657.969363971	760.00905088928	528.64367198928	33	3	26	3	23	3	27	3	20	0	92.98423	67.02086	0	92.98423	67.02086	0	92.98423	67.02086	0	92.98423	67.02086	0	0	0	0	92.98423	67.02086	0	92.98423	67.02086	0	92.98423	67.02086	0	0	0	0	26.8125014405402	29.3503168682796	28.4796497132616	27.9924042204301	27.6323276702509	1637.69798034457	7.40104686422833	2330.84388034457	7.75398566139365	5405.33	5.4262004658685	0.159805638812207
2011	Jenapur	746.593951082225	1804.4315770149	1567.0598863	1229.4957492	1269.1305425359	1001.1798040359	59	24	55	24	48	18	49	18	37	15	834.90288	627.29186	153.76399	834.90288	627.29186	153.76399	614.87883	431.18929	153.76399	614.87883	431.18929	153.76399	530.52047	367.89702	153.76399	752.30344	479.42171	153.76399	532.27939	343.72855	153.76399	532.27939	374.00274	153.76399	468.98712	339.69307	153.76399	25.6621698223886	27.9958517983871	27.423403953405	27.1972103037634	26.9368695448029	1914.30170352792	7.55710818943802	2623.78198352792	7.87237206106642	5405.33	2.9955860165904	0.0882222358000413
2012	Jenapur	365.585388698495	1412.8354982767	1168.32000386	992.763900007	1056.688920133	824.923887333	49	21	43	20	38	16	40	16	33	15	603.33506	321.58481	0	570.47456	288.72431	0	443.98583	209.46003	0	443.98583	209.46003	0	417.05565	209.46003	0	463.64363	230.46266	0	313.37438	151.19838	0	381.39096	151.19838	0	375.67478	151.19838	0	26.1131781122853	28.7715646129032	27.6619237060932	27.2256766505376	26.9259589749104	1858.50162047885	7.52752586166528	2584.31628047885	7.8572162569784	5405.33	3.82587357593515	0.112674821850542
2013	Jenapur	408.287215337645	1566.46812571827	1077.44807723	843.1957354	1215.180343491	892.686321991	55	14	38	9	28	8	43	13	33	10	544.85801	333.18727	175.45078	330.31678	187.52264	101.82333	288.34199	187.52264	101.82333	502.88322	333.18727	175.45078	383.7172	240.09511	123.18469	288.34199	187.52264	0	288.34199	187.52264	0	483.28983	333.18727	125.89354	364.12381	240.09511	73.62745	25.7317433854327	28.1925069973118	27.7774966630824	27.2256468521505	26.9682254802867	1736.59276776972	7.45968029302598	2478.74180776972	7.81550637484406	5405.33	3.45064793292331	0.101624147634319
2014	Jenapur	NA	1356.60764341579	1135.1699627562	1026.195941169	1101.174731503	689.383217964	41	15	34	13	30	12	31	13	20	6	614.00299	502.38811	236.90049	547.5759	435.96102	236.90049	526.4169	435.96102	236.90049	564.54543	474.08955	236.90049	304.15708	284.65686	147.44209	485.08215	348.57117	236.90049	485.08215	348.57117	236.90049	523.21068	386.6997	236.90049	284.65686	284.65686	147.44209	25.6903905444188	28.5034873252688	27.6225714336918	27.1701259946237	27.0335398207885	1779.14735157237	7.48388951255075	2537.63077157237	7.83898615761715	5405.33	3.9844460749093	0.1173448998648
2015	Jenapur	NA	1179.89849891466	1019.257005204	820.050979874	835.9361215061	381.3174118061	34	12	33	12	26	8	26	8	10	2	390.46579	251.70062	56.07117	390.46579	251.70062	56.07117	302.42077	251.70062	56.07117	302.42077	251.70062	56.07117	70.27713	43.77264	0	327.64297	222.76671	56.07117	302.42077	222.76671	56.07117	302.42077	222.76671	56.07117	70.27713	43.77264	0	26.3665909045699	28.929145938172	28.3587171397849	28.1015973709677	28.0691744516129	1955.38917495536	7.57834451908169	2730.20697495536	7.91213270030716	5405.33	4.58118219912318	0.134919222474545
