Year	Station	Annual_DIN_flux	precip	precip_JJAS	precip_JAS	precip_JASO	precip_ASO	pre_gt_10	pre_gt_20	pre_gt_10_JJAS	pre_gt_20_JJAS	pre_gt_10_JAS	pre_gt_20_JAS	pre_gt_10_JASO	pre_gt_20_JASO	pre_gt_10_ASO	pre_gt_20_ASO	R90pTOT	R95pTOT	R99pTOT	R90pTOT_JJAS_1	R95pTOT_JJAS_1	R99pTOT_JJAS_1	R90pTOT_JAS_1	R95pTOT_JAS_1	R99pTOT_JAS_1	R90pTOT_JASO_1	R95pTOT_JASO_1	R99pTOT_JASO_1	R90pTOT_ASO_1	R95pTOT_ASO_1	R99pTOT_ASO_1	R90pTOT_JJAS_2	R95pTOT_JJAS_2	R99pTOT_JJAS_2	R90pTOT_JAS_2	R95pTOT_JAS_2	R99pTOT_JAS_2	R90pTOT_JASO_2	R95pTOT_JASO_2	R99pTOT_JASO_2	R90pTOT_ASO_2	R95pTOT_ASO_2	R99pTOT_ASO_2	temp_annual	temp_JJAS	temp_JAS	temp_JASO	temp_ASO	fert_kgN_km2	ln_fert	fert_dep_kgN_km2	ln_fert_dep	LSC_MCM	LSC_MCM_mm	LSC
1980	Urachikottai	NA	863.561740825805	442.4663826	311.7170517	448.025474433	318.299977733	21	3	10	2	7	1	13	1	10	1	286.69606	189.92573	63.16298	139.82519	98.02041	63.16298	107.76218	65.9574	31.09997	169.03702	100.67109	31.09997	136.96102	83.83698	31.09997	139.82519	98.02041	63.16298	107.76218	65.9574	31.09997	144.37145	66.78233	31.09997	98.49848	31.09997	31.09997	24.1171937282667	23.8653934516129	23.7465538243728	23.8328142745296	23.9035289251792	1166.30138633497	7.061592812357	1373.00679313786	7.22475835341623	7370.23	8.53468796909878	0.193530339435347
1981	Urachikottai	NA	1078.97721068153	647.9611764	564.4445521	740.76724836	635.00640696	29	5	21	4	19	4	25	5	22	5	267.24481	155.90069	72.84943	191.40529	135.32787	72.84943	191.40529	135.32787	72.84943	241.06231	155.90069	72.84943	228.35956	155.90069	72.84943	213.9592	166.75048	72.84943	191.40529	151.24229	72.84943	216.4075	155.90069	72.84943	216.4075	137.6604	72.84943	23.8859671630245	23.6543227983871	23.5148252867384	23.5058922463038	23.3511101993728	1292.04161953616	7.16397889708699	1506.25205992401	7.31737976482243	7370.23	6.83075594835282	0.154892425132717
1982	Urachikottai	NA	686.82388690569	374.251471312	271.501047112	377.317577432	304.572560442	15	0	7	0	5	0	9	0	9	0	146.06094	36.0909	0	92.59913	36.0909	0	76.20816	19.69993	0	101.79608	19.69993	0	101.79608	19.69993	0	103.99232	36.0909	0	76.20816	19.69993	0	89.16369	19.69993	0	63.2203	19.69993	0	24.1934068283176	24.1185315026882	23.9609616702509	24.0257788308132	23.9887152152778	1417.78185273734	7.25684885374621	1639.49732671015	7.40214496573147	7598.83	11.0637241145392	0.250878097835355
1983	Urachikottai	NA	938.775276814338	579.31812847	429.738426	531.35745641	428.72028461	27	8	18	4	10	3	13	4	10	4	365.52426	243.6802	88.85017	222.27461	139.14283	56.59968	142.24303	99.3889	56.59968	181.75213	123.72692	56.59968	149.14204	106.46868	56.59968	233.93298	154.49468	56.59968	142.24303	99.3889	56.59968	181.75213	123.72692	56.59968	135.60134	106.46868	28.9243	24.3864902859143	24.1319887956989	23.6556580609319	23.6229140925739	23.3948316933244	1543.52208593852	7.34182215283791	1772.74259349629	7.48028311420121	7603.13	8.0989883178439	0.183650528749295
1984	Urachikottai	NA	846.042944813918	424.7953351	344.63440732	512.96689792	360.41040992	19	5	7	2	7	2	14	4	12	3	284.58989	195.90699	118.45977	107.18801	47.19261	26.95344	107.18801	47.19261	26.95344	191.13959	131.14419	72.10439	155.76616	110.90502	72.10439	118.35676	63.10747	26.95344	107.18801	63.10747	26.95344	191.13959	114.47499	45.15095	155.76616	94.23582	45.15095	23.8776589008061	23.7614412043011	23.5811881612903	23.4584141678427	23.4869189979839	1669.26231913971	7.4201370827555	1905.98786028243	7.55275571498213	7788.17	9.20540741783854	0.208739397229899
1985	Urachikottai	NA	735.274255531615	426.36738187	334.33870697	432.77843217	362.21960467	12	3	7	2	7	2	10	3	10	3	149.45361	81.62492	38.76259	101.19926	59.5901	38.76259	101.19926	59.5901	38.76259	149.45361	81.62492	38.76259	149.45361	81.62492	38.76259	112.50258	59.5901	38.76259	101.19926	59.5901	38.76259	149.45361	81.62492	38.76259	96.27874	81.62492	38.76259	24.2278460373707	23.8827893924731	23.7374834121864	23.6413247466398	23.6908234256272	1795.00255234089	7.4927617228383	2039.23312706857	7.6203290980597	7799.41	10.6074841344212	0.240532520054904
1986	Urachikottai	NA	905.080594221093	496.102281202	383.442935612	508.7180547113	436.2849033313	20	3	10	2	9	2	12	2	11	2	261.15139	149.96293	36.12727	136.38164	93.63664	36.12727	136.38164	93.63664	36.12727	179.59604	110.85859	36.12727	165.14704	110.85859	36.12727	147.84078	109.33035	36.12727	136.38164	109.33035	36.12727	154.92378	94.36457	36.12727	140.47478	59.51896	36.12727	24.3433448127403	24.1911138790323	23.9240228387097	23.9967890821573	23.9520260880376	1812.50611029899	7.50246575792259	2064.24171861163	7.63251823147485	7812.5	8.63182798292498	0.195733060837301
1987	Urachikottai	NA	843.850858944909	365.24968513	268.05750783	491.25181383	461.9793182	20	3	8	0	6	0	15	2	15	2	284.96256	143.65084	45.69558	99.58929	34.62028	0	68.77576	16.73132	0	194.12006	80.0663	0	194.12006	80.0663	0	111.09511	34.62028	0	68.77576	16.73132	0	120.50233	63.33498	0	80.0663	45.72727	0	24.4912960165768	24.9112047876344	24.705536827957	24.6229780115927	24.591314015457	1812.759785052	7.50260570614198	2072.00042694961	7.63626980943611	7824.27	9.27210053419026	0.21025171279343
1988	Urachikottai	NA	869.392575265755	586.620764	532.8241969	571.0515251304	390.5728559304	25	3	19	3	18	3	18	3	13	1	334.07551	194.23505	60.82059	279.76845	139.92799	60.82059	279.76845	139.92799	60.82059	279.76845	139.92799	60.82059	178.53745	67.03768	33.03229	291.47265	171.12772	60.82059	279.76845	155.82819	60.82059	254.52637	123.77027	60.82059	126.44399	33.03229	33.03229	24.3211720508397	24.1780128360215	23.8760311146953	23.8734431797715	23.8374234870072	2299.24454264835	7.74033588824442	2565.99021813091	7.85009973306033	7824.27	8.99969728589905	0.204074768387734
1989	Urachikottai	NA	794.828116902393	493.9931556	414.1641076	550.47883463	341.27858163	20	3	14	3	13	3	17	3	10	0	281.74354	161.16055	29.63036	220.63764	141.96029	29.63036	204.30246	125.62511	29.63036	265.40836	144.82537	29.63036	151.6779	69.6599	0	231.84342	141.96029	29.63036	204.30246	125.62511	29.63036	229.05575	111.75838	29.63036	85.53927	19.20026	0	24.0533654852222	23.9174384731183	23.7040957419355	23.8017772752016	23.9076107755376	2342.05215721979	7.75878281428534	2616.30286628731	7.86951748045039	7829.47	9.85051967023139	0.223367792975769
1990	Urachikottai	23.8122298368994	642.674600930548	283.92812656	237.96938396	350.964071184	290.172149564	9	1	2	0	2	0	6	0	6	0	88.52228	60.48925	26.87557	28.03303	0	0	28.03303	0	0	44.46102	16.42799	0	44.46102	16.42799	0	28.03303	15.25878	0	28.03303	0	0	31.68677	0	0	31.68677	0	0	24.0728288418627	23.9330986989247	23.7643167096774	23.8126549541331	23.875017250672	2535.85966852398	7.83828797827051	2817.61541117646	7.94364620733816	7829.47	12.1826348647721	0.276250223690978
1991	Urachikottai	62.8054497998184	1132.7293120247	572.51040908	366.66865858	623.78226568	499.55460038	24	9	13	6	9	4	14	6	11	5	449.859	382.81431	238.91149	209.01193	185.12525	79.87721	132.48454	108.59786	27.24281	268.95878	229.06936	147.71431	235.20363	207.40861	147.71431	243.48899	185.12525	79.87721	132.48454	108.59786	27.24281	245.0721	212.84682	147.71431	223.41135	191.18607	120.4715	24.1971976690144	23.8729580241936	23.6051303655914	23.6499054304435	23.7299844448925	2551.42895649034	7.84440885629523	2838.69999654955	7.95110147866297	7829.47	6.91203972289299	0.156735594623424
1992	Urachikottai	104.572774873884	930.712015717757	564.8425531	377.5688821	519.12413871	384.04410981	27	2	18	2	10	1	13	1	11	0	298.58235	180.4934	31.42927	195.51264	89.15821	31.42927	118.22414	50.39524	31.42927	155.20844	87.37954	31.42927	123.77917	55.95027	0	207.23426	89.15821	31.42927	129.94576	50.39524	31.42927	143.40257	87.37954	31.42927	99.03855	37.81676	0	23.9965750054883	24.1241681854839	23.8467666917563	23.8075114250672	23.8170030828853	2672.08301089355	7.89061360112515	2964.8693483595	7.99458824582672	7835.93	8.41928530809501	0.190913499049773
1993	Urachikottai	88.801527969914	888.40918085258	405.8164188	294.00325826	531.87109228	447.92270388	21	3	9	1	4	1	14	2	14	2	252.97185	166.33397	31.73867	117.2973	75.80593	0	54.53096	41.50802	0	158.46684	100.29739	0	158.46684	100.29739	0	117.2973	75.80593	0	54.53096	41.50802	0	158.46684	100.29739	0	145.4439	83.04188	0	24.0543817216506	24.1378645833333	23.8350223333333	23.780434875	23.7323382204301	2786.71228991263	7.93261778925484	3085.01392478532	8.03431145003605	7865.97	8.85399449885385	0.200770850314146
1994	Urachikottai	197.691849448468	959.516238929	395.64814808	320.44451598	603.31642898	437.19548258	26	5	6	2	5	2	17	4	13	3	333.42506	175.66989	58.3687	102.89574	64.21629	26.98091	90.82283	64.21629	26.98091	220.26552	153.99725	58.3687	156.4236	116.76187	58.3687	102.89574	64.21629	26.98091	90.82283	64.21629	26.98091	208.41738	153.99725	58.3687	130.75785	116.76187	31.38779	23.9981802898172	24.0242774704301	23.8374127383513	23.8404770537634	23.9615534910394	3014.63905549747	8.01123538574181	3318.45598777689	8.10725488981215	7865.97	8.19784979228689	0.185892285539385
1995	Urachikottai	139.25390856871	807.69145282641	469.45911614	399.0683614	537.5165094	381.1933292	18	1	10	0	10	0	14	1	10	1	163.47545	58.21391	0	101.09568	34.76874	0	101.09568	34.76874	0	138.494	58.21391	0	78.12813	23.44517	0	101.09568	34.76874	0	101.09568	34.76874	0	126.72894	41.88823	0	51.39328	23.44517	0	24.0705278154759	24.2111759032258	23.7438066487455	23.7677697521841	23.8315094545251	3114.74545490639	8.04390271196172	3424.07768459255	8.13858742526143	7865.97	9.73883030763056	0.22083515436804
1996	Urachikottai	129.738632221648	930.04248193239	539.976568354	389.902058464	553.276164586	477.503315322	20	7	14	4	11	2	15	5	15	5	312.40734	219.48037	57.86964	200.40169	146.98735	31.33631	148.75341	95.33907	0	233.40143	167.83209	26.53333	233.40143	167.83209	26.53333	200.40169	146.98735	31.33631	148.75341	95.33907	0	196.24016	134.71806	0	196.24016	117.06357	0	23.838959419322	23.7900410806452	23.5202758853047	23.4090202733535	23.2742735902778	3266.63321327469	8.09151513510384	3581.48074036759	8.18353160850761	7869	8.46090383274776	0.191857229767523
1997	Urachikottai	204.638218372728	1059.5737589449	546.61554825	463.77433122	641.37531897	482.90722397	23	4	12	1	11	1	17	3	13	3	301.1055	177.23541	0	116.27598	59.46806	0	116.27598	59.46806	0	221.2091	137.62198	0	192.47801	137.62198	0	127.43441	91.38007	0	116.27598	91.38007	0	209.2428	137.62198	0	153.73251	85.3796	0	24.3620922021365	24.6785482822581	24.2095699318996	24.2427979176747	24.2525848579749	3456.88927803665	8.14812441107103	3777.25210253629	8.23675206725128	7869	7.42657123543318	0.168402975860163
1998	Urachikottai	249.420212399567	938.41897820697	572.049649152	513.2993368	652.799459921	465.189381321	21	4	15	4	14	4	17	4	12	2	255.08543	150.30053	27.43863	200.81126	132.47257	27.43863	200.81126	132.47257	27.43863	224.72136	132.47257	27.43863	134.39347	67.85852	27.43863	212.02699	148.23344	27.43863	200.81126	148.23344	27.43863	188.44428	132.47257	27.43863	83.61939	67.85852	0	24.7091041724977	24.5902238655914	24.0461171541219	23.9192147405914	23.827355030466	3600.21551349067	8.18874898751089	3926.09363539704	8.27540022462766	7869	8.38538028614387	0.190144677690337
1999	Urachikottai	217.911806917363	990.208664899608	344.90417678	280.0682714	636.7809434	531.29227319	25	6	5	1	4	1	19	5	18	5	382.33936	252.22089	27.701	71.43064	44.67582	27.701	71.43064	44.67582	27.701	313.35931	212.86079	27.701	296.38449	195.88597	27.701	82.83589	44.67582	27.701	71.43064	44.67582	27.701	300.96913	179.01776	27.701	283.99431	179.01776	0	24.1425417974188	24.3078100134409	24.2420532401434	24.1677728988575	24.2177204242832	3675.96913661006	8.20957208752359	4007.36255592317	8.29588858718269	7869	7.94680987849949	0.180199770487517
2000	Urachikottai	340.010917770128	1020.36689849008	571.045252548	488.032755748	707.073346153	639.137891905	25	12	13	5	12	5	19	10	18	10	446.84062	348.18516	99.57615	225.43069	167.51732	68.5357	225.43069	167.51732	68.5357	375.84072	305.64967	99.57615	360.7849	305.64967	99.57615	225.43069	183.20513	68.5357	225.43069	167.51732	68.5357	363.56304	288.76175	99.57615	335.31305	288.76175	99.57615	24.054329996661	23.8997834919355	23.7470675448029	23.7222352679772	23.7432435831093	3462.72379735602	8.14981078302232	3799.63251407587	8.24265963421593	7869	7.71193186651233	0.174873738469667
2001	Urachikottai	244.052602400086	726.562013924556	370.896507117	322.408129847	450.63187574	372.21134174	19	4	7	2	7	2	12	3	11	3	194.63799	109.07406	27.13793	71.59278	43.33475	0	71.59278	43.33475	0	105.23457	63.74367	0	92.42572	63.74367	0	83.23932	58.78393	0	71.59278	43.33475	0	92.42572	63.74367	0	79.19285	63.74367	0	24.2394947550858	24.1671362069892	24.0160361648746	23.9004740767809	23.8361260808692	3586.3902394513	8.18490147129261	3933.46049402197	8.27727485025171	7949.7	10.9415299006059	0.248107253981994
2002	Urachikottai	190.433506630188	535.85046589064	236.08497293	162.91340025	323.728993334	293.958567824	10	2	3	0	3	0	8	1	8	1	139.6778	80.83153	0	28.2507	0	0	28.2507	0	0	102.05159	57.7009	0	102.05159	57.7009	0	28.2507	0	0	28.2507	0	0	102.05159	25.0023	0	102.05159	25.0023	0	24.4207303736854	24.5376968709677	24.3874127168459	24.3689227407594	24.2373806435932	3321.2684132055	8.10810204111752	3678.500205627	8.21026039527201	7949.7	14.8356687285636	0.336409721736136
2003	Urachikottai	NA	591.7688752059	267.50965956	196.60334562	399.1411040691	320.4456052691	9	1	2	0	1	0	8	1	8	1	100.87662	59.72197	0	0	0	0	0	0	0	100.87662	59.72197	0	100.87662	59.72197	0	11.19562	0	0	0	0	0	89.00214	43.42961	0	75.11664	25.07044	0	24.8367360433738	24.8655637177419	24.3901786236559	24.3273811552419	24.2918606801075	3512.44404894715	8.16406738438976	3879.83737921947	8.26354851916666	7949.7	13.4337920311101	0.304621134492292
2004	Urachikottai	186.528339910488	926.582760772	445.56734782	334.89831592	487.888970502	367.306117702	26	3	12	0	10	0	14	1	11	1	315.49438	192.0593	31.60676	156.42086	74.48364	0	123.41264	55.32659	0	167.02883	86.93335	31.60676	124.6438	68.27632	31.60676	156.42086	90.16669	0	123.41264	55.32659	0	131.2914	86.93335	31.60676	99.09187	51.17266	31.60676	24.1339378092885	23.9412017392473	23.834892874552	23.789127234039	23.7280616883961	3808.65142940355	8.24503044992657	4186.2062975267	8.33955018452611	8062.19	8.70099287545867	0.197301425747362
2005	Urachikottai	689.805257047867	1256.9360835924	576.248870437	471.287681937	802.420902737	623.254118937	43	9	17	5	14	5	30	8	25	6	553.1583	382.40268	134.12444	223.98812	148.80047	85.86559	223.98812	148.80047	85.86559	450.82902	306.43475	134.12444	363.31113	256.2622	107.96533	235.65925	148.80047	59.70648	223.98812	148.80047	59.70648	378.97251	273.02806	107.96533	315.77985	170.97882	79.99137	24.2754813928334	24.2363690752688	23.9278837670251	23.8731295440188	23.8033333705197	4367.11920547192	8.38185884999231	4754.8356114459	8.46691740265651	8062.19	6.41416067629928	0.145445820324247
2006	Urachikottai	383.847939412712	842.780536802529	413.11911333	283.79270243	385.80312963	285.25622413	16	1	6	0	3	0	4	0	4	0	154.57255	64.22417	27.38593	44.06618	18.7107	0	25.35548	0	0	39.00762	0	0	39.00762	0	0	55.44475	18.7107	0	25.35548	0	0	26.99173	0	0	0	0	0	24.1338928148817	24.1755360080645	24.008613344086	24.0223855549395	24.0211256861559	4502.42195841787	8.4123707439555	4900.29990224268	8.49705168676512	8062.19	9.56617962558507	0.216920172915761
2007	Urachikottai	355.512527552843	976.6432894832	566.7411015982	468.4270826982	652.7494214362	503.0249054362	36	4	20	2	18	1	27	3	22	3	383.14874	167.31357	26.85558	183.54027	46.86189	0	147.69828	24.71788	0	284.04246	108.6639	26.85558	256.91544	108.6639	26.85558	218.0016	46.86189	0	159.39095	24.71788	0	196.79636	91.78488	0	168.61004	91.78488	0	24.0484357480159	23.9179945349462	23.6385039354839	23.6506102096774	23.5381900645161	4378.61648119749	8.38448808159974	4786.65596287313	8.47358731776304	8068.78	8.26174723861531	0.187341207224837
2008	Urachikottai	150.886731341554	975.999299331697	508.442808377	428.516520077	585.915366857	453.882095457	25	2	13	2	12	2	17	2	14	2	310.72226	184.95761	32.94664	185.39291	129.3302	32.94664	167.56492	111.50221	32.94664	195.88923	111.50221	32.94664	147.50093	76.63708	32.94664	197.03299	144.64637	32.94664	167.56492	111.50221	32.94664	183.67812	94.82146	32.94664	121.74061	76.63708	32.94664	23.9688585997096	24.0725170349462	23.8695558243728	23.8741597715054	23.7569834587814	5013.54017926321	8.51989756714613	5431.74119878967	8.6000150242872	8068.78	8.2671985579549	0.187464819908274
2009	Urachikottai	104.529014284391	900.599322487633	557.63849762	469.0613354	533.238234549	385.326196449	22	4	15	3	13	3	14	3	9	3	323.06098	210.52136	60.8998	206.77451	150.89187	60.8998	192.38513	150.89187	60.8998	207.11748	150.89187	60.8998	175.43409	132.08301	60.8998	218.26328	166.97559	60.8998	192.38513	166.97559	60.8998	194.58247	101.23368	60.8998	162.89908	82.42482	60.8998	24.3522142405914	24.315570577957	24.0919456594982	24.0533240833333	24.112654046595	5076.362649529	8.53235027023992	5504.72520690629	8.6133621309093	8068.78	8.95934495899068	0.203159749636977
2010	Urachikottai	NA	1066.6016216785	521.94069735	406.05854514	547.00322532	410.83310632	31	7	14	2	11	2	16	3	13	2	411.96003	233.64392	89.43565	163.70812	70.4709	28.31387	130.29677	51.12342	28.31387	199.10968	90.76254	28.31387	162.82732	67.95299	28.31387	163.70812	70.4709	28.31387	130.29677	51.12342	28.31387	162.57405	90.76254	28.31387	126.29169	50.79631	28.31387	24.4798405381464	24.2750293360215	23.9797578924731	24.0215839032258	23.9202641290323	5356.02817172087	8.58597796664056	5794.55226694898	8.66467349083023	8068.78	7.5649425577492	0.171540647568009
2011	Urachikottai	NA	1084.09288974662	583.407777525	444.230965085	577.212307565	431.720321965	30	4	16	2	13	2	16	2	12	2	402.21048	235.30265	89.22121	183.31025	100.34807	26.17618	134.75388	65.74698	26.17618	178.8763	82.59133	26.17618	146.82767	66.16581	26.17618	194.61133	131.93521	26.17618	134.75388	81.71101	0	142.07358	49.32146	0	96.84991	49.32146	0	24.0039932565924	24.0928135053763	23.9152500071685	24.0555247634409	24.0620830179211	5992.92330470949	8.69833460289749	6441.41767219648	8.77050393030638	8068.78	7.44288619205491	0.168772929525055
2012	Urachikottai	NA	884.76732531067	551.13120107757	327.97464482757	417.06366443757	300.27859307757	24	6	14	3	5	1	7	2	6	2	353.04948	258.13144	144.24209	206.51686	151.29266	60.59103	72.90265	45.25313	28.56393	104.85942	77.2099	60.5207	88.17022	60.5207	60.5207	229.47906	151.29266	60.59103	72.90265	45.25313	28.56393	104.85942	60.5207	60.5207	75.27221	60.5207	60.5207	24.4150369530342	24.5586155430108	24.2781536129032	24.2148132741935	24.1366409247312	4745.91977615894	8.46504053338865	5204.38441590479	8.55725670621718	8068.78	9.11966318056196	0.206795083459455
2013	Urachikottai	NA	865.3949466439	543.87423985	420.75737305	535.215985893	406.339256083	17	4	11	3	9	2	12	3	10	3	250.25546	126.80999	62.10994	170.14601	102.23153	62.10994	128.13809	72.5678	32.44621	165.27465	97.14626	32.44621	149.47084	97.14626	32.44621	181.81903	118.03534	62.10994	128.13809	88.37161	32.44621	140.15839	80.51462	32.44621	97.14626	80.51462	32.44621	24.3546481337686	23.7922666182796	23.7354517132617	23.8399457204301	23.9794996702509	4766.99820433476	8.46947207851811	5235.43311633948	8.56320485461764	8068.78	9.32381224467701	0.211424313938254
2014	Urachikottai	NA	938.437943752569	494.77476247	411.78491426	635.6141174744	512.7132848144	18	8	9	5	8	4	15	6	15	6	309.97916	281.85879	32.87999	153.21126	137.67631	32.87999	120.33127	104.79632	0	252.18073	224.06036	0	252.18073	224.06036	0	153.21126	153.21126	32.87999	120.33127	104.79632	0	239.59531	190.78386	0	239.59531	173.68415	0	24.5734698870968	24.6873922768817	24.2662021469534	24.2828807231183	24.2748727921147	5084.50204213859	8.53395237687111	5562.90722640217	8.62387613303567	8068.78	8.59809650037705	0.194968174611725
2015	Urachikottai	NA	1071.29571466439	469.46833022	317.85615187	439.94856258639	389.91392125639	31	11	14	5	10	5	13	8	13	8	457.60256	315.07893	78.85309	197.96585	132.0725	0	156.86813	132.0725	0	223.36286	198.56723	0	223.36286	198.56723	0	197.96585	132.0725	0	156.86813	132.0725	0	211.5746	198.56723	0	198.56723	180.19784	0	24.5522951528418	24.9857005241935	24.9685831433692	24.9016841317204	24.8891635734767	5410.61091590678	8.59611728892297	5898.98637242922	8.6825358138511	8068.78	7.53179527328525	0.170789008464518
